01041113648
01041113648
01099279103
01072120701
01077535130
01058777246
01094857330
01044954459
01090271208
01052932325
01035419742
01035419742
01055361278
01052099805
01052099805
01052099805
01052099805
01063701552
01063701552
01096662552
01033150869
01095951206
01099591208
01044520828
01063701552
01063701552
01063701552
01099844579
01075599011
01090772538
01046115994
01059640929
01045210249
01059640929
01059640929
01090772538
01045210249
01059640929
01022554070
01023604141
01083143423
01065554012
01095894803
01091858287